330.00 0.000013
331.00 0.000017
332.00 0.000022
333.00 0.000027
334.00 0.000035
335.00 0.000044
336.00 0.000056
337.00 0.000070
338.00 0.000089
339.00 0.000111
340.00 0.000138
341.00 0.000171
342.00 0.000213
343.00 0.000268
344.00 0.000340
345.00 0.000433
346.00 0.000552
347.00 0.000703
348.00 0.000891
349.00 0.001125
350.00 0.001410
351.00 0.001757
352.00 0.002186
353.00 0.002718
354.00 0.003378
355.00 0.004192
356.00 0.005187
357.00 0.006387
358.00 0.007817
359.00 0.009502
360.00 0.011466
361.00 0.013736
362.00 0.016344
363.00 0.019321
364.00 0.022703
365.00 0.026524
366.00 0.030817
367.00 0.035587
368.00 0.040836
369.00 0.046561
370.00 0.052760
371.00 0.059437
372.00 0.066608
373.00 0.074296
374.00 0.082524
375.00 0.091320
376.00 0.100698
377.00 0.110624
378.00 0.121054
379.00 0.131935
380.00 0.143272
381.00 0.155091
382.00 0.167364
383.00 0.180047
384.00 0.193088
385.00 0.206429
386.00 0.220002
387.00 0.233729
388.00 0.247520
389.00 0.261281
390.00 0.274904
391.00 0.288286
392.00 0.301344
393.00 0.313996
394.00 0.326158
395.00 0.337743
396.00 0.348696
397.00 0.359112
398.00 0.369130
399.00 0.378900
400.00 0.388578
401.00 0.398271
402.00 0.407861
403.00 0.417170
404.00 0.426014
405.00 0.434202
406.00 0.441597
407.00 0.448264
408.00 0.454329
409.00 0.459922
410.00 0.465177
411.00 0.470210
412.00 0.475065
413.00 0.479766
414.00 0.484338
415.00 0.488805
416.00 0.493197
417.00 0.497553
418.00 0.501917
419.00 0.506333
420.00 0.510848
421.00 0.515497
422.00 0.520283
423.00 0.525198
424.00 0.530235
425.00 0.535387
426.00 0.540646
427.00 0.545998
428.00 0.551430
429.00 0.556929
430.00 0.562480
431.00 0.568069
432.00 0.573681
433.00 0.579302
434.00 0.584916
435.00 0.590509
436.00 0.596062
437.00 0.601555
438.00 0.606963
439.00 0.612261
440.00 0.617424
441.00 0.622432
442.00 0.627283
443.00 0.631979
444.00 0.636522
445.00 0.640916
446.00 0.645161
447.00 0.649256
448.00 0.653198
449.00 0.656982
450.00 0.660606
451.00 0.664069
452.00 0.667372
453.00 0.670520
454.00 0.673517
455.00 0.676368
456.00 0.679076
457.00 0.681644
458.00 0.684071
459.00 0.686360
460.00 0.688511
461.00 0.690528
462.00 0.692419
463.00 0.694194
464.00 0.695863
465.00 0.697438
466.00 0.698927
467.00 0.700337
468.00 0.701676
469.00 0.702949
470.00 0.704163
471.00 0.705324
472.00 0.706441
473.00 0.707520
474.00 0.708571
475.00 0.709600
476.00 0.710615
477.00 0.711624
478.00 0.712634
479.00 0.713651
480.00 0.714682
481.00 0.715734
482.00 0.716809
483.00 0.717906
484.00 0.719027
485.00 0.720171
486.00 0.721341
487.00 0.722534
488.00 0.723750
489.00 0.724989
490.00 0.726250
491.00 0.727531
492.00 0.728834
493.00 0.730158
494.00 0.731504
495.00 0.732872
496.00 0.734259
497.00 0.735661
498.00 0.737069
499.00 0.738476
500.00 0.739873
501.00 0.741255
502.00 0.742625
503.00 0.743988
504.00 0.745352
505.00 0.746720
506.00 0.748097
507.00 0.749482
508.00 0.750873
509.00 0.752269
510.00 0.753667
511.00 0.755065
512.00 0.756463
513.00 0.757861
514.00 0.759259
515.00 0.760656
516.00 0.762052
517.00 0.763447
518.00 0.764840
519.00 0.766231
520.00 0.767620
521.00 0.769005
522.00 0.770387
523.00 0.771767
524.00 0.773145
525.00 0.774522
526.00 0.775898
527.00 0.777275
528.00 0.778653
529.00 0.780033
530.00 0.781417
531.00 0.782805
532.00 0.784200
533.00 0.785604
534.00 0.787017
535.00 0.788441
536.00 0.789879
537.00 0.791329
538.00 0.792789
539.00 0.794257
540.00 0.795732
541.00 0.797213
542.00 0.798705
543.00 0.800216
544.00 0.801752
545.00 0.803319
546.00 0.804915
547.00 0.806502
548.00 0.808033
549.00 0.809460
550.00 0.810735
551.00 0.811827
552.00 0.812761
553.00 0.813576
554.00 0.814314
555.00 0.815013
556.00 0.815705
557.00 0.816382
558.00 0.817028
559.00 0.817624
560.00 0.818154
561.00 0.818604
562.00 0.818977
563.00 0.819280
564.00 0.819519
565.00 0.819702
566.00 0.819834
567.00 0.819919
568.00 0.819959
569.00 0.819957
570.00 0.819917
571.00 0.819840
572.00 0.819731
573.00 0.819592
574.00 0.819428
575.00 0.819242
576.00 0.819037
577.00 0.818818
578.00 0.818587
579.00 0.818350
580.00 0.818110
581.00 0.817869
582.00 0.817628
583.00 0.817386
584.00 0.817140
585.00 0.816889
586.00 0.816633
587.00 0.816368
588.00 0.816091
589.00 0.815800
590.00 0.815493
591.00 0.815166
592.00 0.814822
593.00 0.814463
594.00 0.814090
595.00 0.813707
596.00 0.813311
597.00 0.812891
598.00 0.812432
599.00 0.811918
600.00 0.811335
601.00 0.810672
602.00 0.809940
603.00 0.809152
604.00 0.808325
605.00 0.807471
606.00 0.806604
607.00 0.805723
608.00 0.804824
609.00 0.803904
610.00 0.802960
611.00 0.801988
612.00 0.800991
613.00 0.799972
614.00 0.798931
615.00 0.797873
616.00 0.796799
617.00 0.795710
618.00 0.794605
619.00 0.793484
620.00 0.792349
621.00 0.791198
622.00 0.790032
623.00 0.788850
624.00 0.787654
625.00 0.786443
626.00 0.785217
627.00 0.783976
628.00 0.782718
629.00 0.781444
630.00 0.780152
631.00 0.778842
632.00 0.777514
633.00 0.776168
634.00 0.774803
635.00 0.773420
636.00 0.772018
637.00 0.770597
638.00 0.769157
639.00 0.767697
640.00 0.766219
641.00 0.764720
642.00 0.763201
643.00 0.761660
644.00 0.760095
645.00 0.758506
646.00 0.756892
647.00 0.755261
648.00 0.753622
649.00 0.751982
650.00 0.750351
651.00 0.748733
652.00 0.747125
653.00 0.745518
654.00 0.743907
655.00 0.742283
656.00 0.740640
657.00 0.738981
658.00 0.737307
659.00 0.735620
660.00 0.733924
661.00 0.732220
662.00 0.730509
663.00 0.728789
664.00 0.727062
665.00 0.725326
666.00 0.723582
667.00 0.721829
668.00 0.720068
669.00 0.718298
670.00 0.716520
671.00 0.714733
672.00 0.712938
673.00 0.711135
674.00 0.709323
675.00 0.707504
676.00 0.705676
677.00 0.703841
678.00 0.701998
679.00 0.700147
680.00 0.698289
681.00 0.696423
682.00 0.694550
683.00 0.692670
684.00 0.690784
685.00 0.688891
686.00 0.686993
687.00 0.685089
688.00 0.683182
689.00 0.681272
690.00 0.679360
691.00 0.677446
692.00 0.675531
693.00 0.673613
694.00 0.671693
695.00 0.669771
696.00 0.667845
697.00 0.665920
698.00 0.663999
699.00 0.662085
700.00 0.660183
701.00 0.658294
702.00 0.656416
703.00 0.654547
704.00 0.652682
705.00 0.650818
706.00 0.648954
707.00 0.647087
708.00 0.645221
709.00 0.643354
710.00 0.641488
711.00 0.639623
712.00 0.637759
713.00 0.635894
714.00 0.634029
715.00 0.632163
716.00 0.630296
717.00 0.628426
718.00 0.626555
719.00 0.624683
720.00 0.622808
721.00 0.620932
722.00 0.619053
723.00 0.617172
724.00 0.615286
725.00 0.613396
726.00 0.611501
727.00 0.609600
728.00 0.607693
729.00 0.605779
730.00 0.603858
731.00 0.601929
732.00 0.599993
733.00 0.598047
734.00 0.596092
735.00 0.594127
736.00 0.592151
737.00 0.590164
738.00 0.588166
739.00 0.586154
740.00 0.584130
741.00 0.582092
742.00 0.580042
743.00 0.577982
744.00 0.575914
745.00 0.573839
746.00 0.571758
747.00 0.569669
748.00 0.567569
749.00 0.565455
750.00 0.563323
751.00 0.561172
752.00 0.559007
753.00 0.556831
754.00 0.554649
755.00 0.552467
756.00 0.550289
757.00 0.548115
758.00 0.545945
759.00 0.543779
760.00 0.541616
761.00 0.539458
762.00 0.537301
763.00 0.535145
764.00 0.532990
765.00 0.530832
766.00 0.528672
767.00 0.526506
768.00 0.524334
769.00 0.522154
770.00 0.519963
771.00 0.517760
772.00 0.515543
773.00 0.513311
774.00 0.511062
775.00 0.508795
776.00 0.506508
777.00 0.504200
778.00 0.501868
779.00 0.499511
780.00 0.497128
781.00 0.494717
782.00 0.492281
783.00 0.489822
784.00 0.487344
785.00 0.484850
786.00 0.482342
787.00 0.479823
788.00 0.477295
789.00 0.474761
790.00 0.472223
791.00 0.469684
792.00 0.467147
793.00 0.464615
794.00 0.462093
795.00 0.459585
796.00 0.457092
797.00 0.454615
798.00 0.452153
799.00 0.449706
800.00 0.447272
801.00 0.444851
802.00 0.442446
803.00 0.440059
804.00 0.437692
805.00 0.435346
806.00 0.433025
807.00 0.430726
808.00 0.428447
809.00 0.426187
810.00 0.423944
811.00 0.421715
812.00 0.419499
813.00 0.417296
814.00 0.415104
815.00 0.412921
816.00 0.410748
817.00 0.408581
818.00 0.406421
819.00 0.404265
820.00 0.402114
821.00 0.399964
822.00 0.397816
823.00 0.395668
824.00 0.393518
825.00 0.391365
826.00 0.389209
827.00 0.387047
828.00 0.384878
829.00 0.382702
830.00 0.380516
831.00 0.378321
832.00 0.376113
833.00 0.373893
834.00 0.371659
835.00 0.369410
836.00 0.367144
837.00 0.364860
838.00 0.362558
839.00 0.360237
840.00 0.357895
841.00 0.355533
842.00 0.353151
843.00 0.350750
844.00 0.348332
845.00 0.345897
846.00 0.343448
847.00 0.340989
848.00 0.338524
849.00 0.336057
850.00 0.333594
851.00 0.331137
852.00 0.328687
853.00 0.326243
854.00 0.323804
855.00 0.321370
856.00 0.318941
857.00 0.316519
858.00 0.314105
859.00 0.311703
860.00 0.309315
861.00 0.306943
862.00 0.304586
863.00 0.302245
864.00 0.299918
865.00 0.297604
866.00 0.295304
867.00 0.293015
868.00 0.290737
869.00 0.288468
870.00 0.286207
871.00 0.283953
872.00 0.281707
873.00 0.279469
874.00 0.277242
875.00 0.275025
876.00 0.272820
877.00 0.270621
878.00 0.268425
879.00 0.266228
880.00 0.264025
881.00 0.261814
882.00 0.259598
883.00 0.257380
884.00 0.255165
885.00 0.252955
886.00 0.250754
887.00 0.248561
888.00 0.246375
889.00 0.244195
890.00 0.242019
891.00 0.239848
892.00 0.237681
893.00 0.235519
894.00 0.233364
895.00 0.231217
896.00 0.229078
897.00 0.226948
898.00 0.224826
899.00 0.222713
900.00 0.220609
901.00 0.218513
902.00 0.216426
903.00 0.214345
904.00 0.212270
905.00 0.210200
906.00 0.208134
907.00 0.206070
908.00 0.204007
909.00 0.201942
910.00 0.199876
911.00 0.197805
912.00 0.195730
913.00 0.193647
914.00 0.191556
915.00 0.189456
916.00 0.187345
917.00 0.185221
918.00 0.183083
919.00 0.180930
920.00 0.178761
921.00 0.176574
922.00 0.174372
923.00 0.172157
924.00 0.169933
925.00 0.167701
926.00 0.165465
927.00 0.163228
928.00 0.160992
929.00 0.158760
930.00 0.156535
931.00 0.154319
932.00 0.152116
933.00 0.149928
934.00 0.147759
935.00 0.145611
936.00 0.143486
937.00 0.141389
938.00 0.139322
939.00 0.137286
940.00 0.135286
941.00 0.133323
942.00 0.131397
943.00 0.129506
944.00 0.127651
945.00 0.125829
946.00 0.124040
947.00 0.122280
948.00 0.120546
949.00 0.118836
950.00 0.117145
951.00 0.115471
952.00 0.113815
953.00 0.112178
954.00 0.110558
955.00 0.108957
956.00 0.107375
957.00 0.105810
958.00 0.104259
959.00 0.102721
960.00 0.101194
961.00 0.099676
962.00 0.098167
963.00 0.096667
964.00 0.095177
965.00 0.093695
966.00 0.092223
967.00 0.090760
968.00 0.089306
969.00 0.087862
970.00 0.086426
971.00 0.085000
972.00 0.083582
973.00 0.082174
974.00 0.080774
975.00 0.079383
976.00 0.078001
977.00 0.076628
978.00 0.075264
979.00 0.073908
980.00 0.072561
981.00 0.071223
982.00 0.069894
983.00 0.068574
984.00 0.067263
985.00 0.065962
986.00 0.064671
987.00 0.063390
988.00 0.062119
989.00 0.060859
990.00 0.059609
991.00 0.058371
992.00 0.057143
993.00 0.055927
994.00 0.054723
995.00 0.053531
996.00 0.052350
997.00 0.051182
998.00 0.050027
999.00 0.048884
1000.00 0.047755
1001.00 0.046639
1002.00 0.045537
1003.00 0.044448
1004.00 0.043373
1005.00 0.042312
1006.00 0.041265
1007.00 0.040232
1008.00 0.039214
1009.00 0.038210
1010.00 0.037221
1011.00 0.036247
1012.00 0.035288
1013.00 0.034345
1014.00 0.033417
1015.00 0.032505
1016.00 0.031609
1017.00 0.030729
1018.00 0.029865
1019.00 0.029017
1020.00 0.028187
1021.00 0.027372
1022.00 0.026575
1023.00 0.025794
1024.00 0.025031
1025.00 0.024284
1026.00 0.023554
1027.00 0.022840
1028.00 0.022144
1029.00 0.021465
1030.00 0.020803
1031.00 0.020157
1032.00 0.019529
1033.00 0.018918
1034.00 0.018323
1035.00 0.017746
1036.00 0.017186
1037.00 0.016643
1038.00 0.016117
1039.00 0.015608
1040.00 0.015116
1041.00 0.014641
1042.00 0.014183
1043.00 0.013741
1044.00 0.013315
1045.00 0.012903
1046.00 0.012506
1047.00 0.012123
1048.00 0.011754
1049.00 0.011398
1050.00 0.011054
1051.00 0.010723
1052.00 0.010403
1053.00 0.010094
1054.00 0.009795
1055.00 0.009507
1056.00 0.009229
1057.00 0.008959
1058.00 0.008698
1059.00 0.008445
1060.00 0.008200
1061.00 0.007963
1062.00 0.007732
1063.00 0.007508
1064.00 0.007290
1065.00 0.007079
1066.00 0.006874
1067.00 0.006676
1068.00 0.006482
1069.00 0.006295
1070.00 0.006113
1071.00 0.005936
1072.00 0.005764
1073.00 0.005596
1074.00 0.005434
1075.00 0.005275
1076.00 0.005121
1077.00 0.004971
1078.00 0.004825
1079.00 0.004682
1080.00 0.004543
1081.00 0.004407
1082.00 0.004274
1083.00 0.004144
1084.00 0.004018
1085.00 0.003894
1086.00 0.003773
1087.00 0.003654
1088.00 0.003539
1089.00 0.003425
1090.00 0.003315
1091.00 0.003206
1092.00 0.003100
1093.00 0.002996
1094.00 0.002895
1095.00 0.002795
1096.00 0.002697
1097.00 0.002602
1098.00 0.002508
1099.00 0.002416
1100.00 0.002325
